222030708
610211263
610185079
574143231
575670077
1247086385
1247119151
1257819497
949595282
574143202
562355075
575154397
775581184
1247947321
1248728569
1247136730
1257819497
612055118
669377180
947270444
1250320350
606024165
1252064718
948226767
707452238
808174387
654149161
610211225
559631608
647046655
605284602
646943834
614844235
765798293
610364703
1250365876
768012045
612559666
606086530
613249460
610211270
681146039
647342107
612080131
613164983
948844953
216931555
606015938
557847807
574030930
559494565
949327672
1252919923
557974382
610211203
568479252
1250392659
679770811
605080771
1251928623
610472295
573727017
681440145
648278103
654314656
610211277
612369895
707689539
612364470
606083355
765795810

