50231664
50631885
50298197
51888766
67147026
430043041
429053382
429127260
432694150
1035718925
58426133
1032334580
49502783
1029762527
1030306361
1032261806
1032334548
56480643
1032334574
57551904
456564647
56479386
76789316
1011684732
1032261560
1033411716
1035639968
166885493
1011684533
742655219
64186932
456565884
1011683618
1011683615
700276477
1011683005
1008970085
1008969087
1008970155
662534790
671656665
1008969428
1008969058
1033411749
1008969963
1003645061
1005354059
847691101
1005353595
1005353686
1005354222
1033410497
995164550
1027788882
1027789307
1003644860
1003645179
1004392710
1033411937
1000299319
1033410205
1001807297
1004392754
1002310258
1002219115
1043671250
1145375091
1145412203
1145745307
